0.0625 [-1,-1,-1,-1]
0.0417 [-1,-1,-1,0]
0.0625 [-1,-1,-1,1]
0.0417 [-1,-1,0,-1]
0.0278 [-1,-1,0,0]
0.0417 [-1,-1,0,1]
0.0625 [-1,-1,1,-1]
0.0417 [-1,-1,1,0]
0.0625 [-1,-1,1,1]
0.0417 [-1,0,-1,-1]
0.0278 [-1,0,-1,0]
0.0417 [-1,0,-1,1]
0.0278 [-1,0,0,-1]
0.0185 [-1,0,0,0]
0.0278 [-1,0,0,1]
0.0417 [-1,0,1,-1]
0.0278 [-1,0,1,0]
0.0417 [-1,0,1,1]
0.0625 [-1,1,-1,-1]
0.0417 [-1,1,-1,0]
0.0625 [-1,1,-1,1]
0.0417 [-1,1,0,-1]
0.0278 [-1,1,0,0]
0.0417 [-1,1,0,1]
0.0625 [-1,1,1,-1]
0.0417 [-1,1,1,0]
0.0625 [-1,1,1,1]
0.0417 [0,-1,-1,-1]
0.0278 [0,-1,-1,0]
0.0417 [0,-1,-1,1]
0.0278 [0,-1,0,-1]
0.0185 [0,-1,0,0]
0.0278 [0,-1,0,1]
0.0417 [0,-1,1,-1]
0.0278 [0,-1,1,0]
0.0417 [0,-1,1,1]
0.0278 [0,0,-1,-1]
0.0185 [0,0,-1,0]
0.0278 [0,0,-1,1]
0.0185 [0,0,0,-1]
0.0123 [0,0,0,0]
0.0185 [0,0,0,1]
0.0278 [0,0,1,-1]
0.0185 [0,0,1,0]
0.0278 [0,0,1,1]
0.0417 [0,1,-1,-1]
0.0278 [0,1,-1,0]
0.0417 [0,1,-1,1]
0.0278 [0,1,0,-1]
0.0185 [0,1,0,0]
0.0278 [0,1,0,1]
0.0417 [0,1,1,-1]
0.0278 [0,1,1,0]
0.0417 [0,1,1,1]
0.0625 [1,-1,-1,-1]
0.0417 [1,-1,-1,0]
0.0625 [1,-1,-1,1]
0.0417 [1,-1,0,-1]
0.0278 [1,-1,0,0]
0.0417 [1,-1,0,1]
0.0625 [1,-1,1,-1]
0.0417 [1,-1,1,0]
0.0625 [1,-1,1,1]
0.0417 [1,0,-1,-1]
0.0278 [1,0,-1,0]
0.0417 [1,0,-1,1]
0.0278 [1,0,0,-1]
0.0185 [1,0,0,0]
0.0278 [1,0,0,1]
0.0417 [1,0,1,-1]
0.0278 [1,0,1,0]
0.0417 [1,0,1,1]
0.0625 [1,1,-1,-1]
0.0417 [1,1,-1,0]
0.0625 [1,1,-1,1]
0.0417 [1,1,0,-1]
0.0278 [1,1,0,0]
0.0417 [1,1,0,1]
0.0625 [1,1,1,-1]
0.0417 [1,1,1,0]
0.0625 [1,1,1,1]
0.0123 [10,10,10,10]
